Easy 9x9:

{
{0,  0,  0,   0,  0,  0,   2,  3,  1 },
{1,  5,  0,   0,  0,  0,   0,  0,  0 },
{0,  0,  0,   7,  0,  0,   0,  0,  0 },
{0,  6,  0,   2,  0,  0,   0,  0,  7 },
{7,  0,  2,   6,  0,  1,   5,  0,  9 },
{5,  0,  9,   0,  4,  0,   0,  0,  0 },
{4,  2,  0,   0,  0,  0,   1,  0,  0 },
{0,  0,  0,   9,  6,  0,   0,  8,  2 },
{0,  0,  0,   0,  0,  0,   0,  0,  0 }
};


Medium 9x9

{
{0,  0,  0,   0,  3,  0,   0,  0,  0 },
{1,  0,  0,   0,  0,  0,   0,  5,  3 },
{0,  7,  9,   0,  6,  0,   0,  0,  0 },
{5,  0,  0,   0,  0,  0,   0,  0,  0 },
{0,  0,  3,   9,  1,  0,   0,  2,  0 },
{2,  4,  0,   8,  0,  0,   9,  0,  0 },
{8,  0,  0,   4,  0,  0,   0,  0,  0 },
{0,  6,  0,   0,  7,  2,   4,  0,  0 },
{0,  0,  0,   0,  0,  0,   0,  0,  7}
}; 

Hard 9x9

{
{1,  0,  0,   0,  3,  0,   2,  0,  0}, 
{0,  0,  6,   0,  0,  4,   0,  0,  9}, 
{0,  8,  0,   1,  0,  0,   0,  5,  0}, 
{0,  1,  0,   8,  0,  0,   0,  4,  0}, 
{0,  0,  0,   0,  5,  0,   7,  0,  0}, 
{0,  0,  9,   0,  0,  3,   0,  0,  6}, 
{0,  0,  2,   0,  0,  7,   0,  0,  0}, 
{0,  4,  0,   2,  0,  0,   0,  0,  0}, 
{3,  0,  0,   0,  4,  0,   0,  0,  0}, 
};

World's hardest 9x9

	{
		{8,0,0,0,0,0,0,0,0},
		{0,0,3,6,0,0,0,0,0},
		{0,7,0,0,9,0,2,0,0},
		{0,5,0,0,0,7,0,0,0},
		{0,0,0,0,4,5,7,0,0},
		{0,0,0,1,0,0,0,3,0},
		{0,0,1,0,0,0,0,6,8},
		{0,0,8,5,0,0,0,1,0},
		{0,9,0,0,0,0,4,0,0}
	};

Easy 16x16

{
{6,-1,7,-1,15,-1,-1,14,-1,-1,9,-1,10,-1,5,-1},
{3,-1,-1,9,12,-1,-1,-1,-1,-1,-1,-1,-1,2,-1,1},
{4,-1,-1,14,5,13,-1,10,-1,12,-1,-1,8,-1,-1,3},
{-1,13,12,15,4,-1,-1,3,14,11,-1,5,-1,-1,7,6},
{12,15,-1,-1,-1,-1,10,8,-1,2,-1,-1,-1,-1,-1,-1},
{-1,14,13,-1,-1,-1,12,-1,-1,5,-1,-1,-1,-1,-1,9},
{-1,-1,-1,11,6,2,-1,-1,4,-1,-1,-1,-1,-1,-1,8},
{10,-1,-1,-1,-1,-1,-1,15,-1,-1,-1,-1,-1,-1,-1,-1},
{8,-1,15,-1,-1,6,3,2,11,-1,0,-1,-1,-1,-1,-1},
{-1,-1,-1,10,-1,7,-1,5,-1,-1,-1,2,-1,9,-1,-1},
{11,-1,14,-1,-1,-1,-1,-1,-1,4,-1,13,7,-1,-1,-1},
{-1,-1,-1,13,0,-1,14,-1,3,15,1,6,-1,11,-1,12},
{-1,0,-1,-1,-1,-1,15,-1,-1,8,4,9,6,-1,10,7},
{-1,-1,-1,-1,-1,-1,13,-1,-1,-1,7,14,11,-1,-1,15},
{-1,10,-1,6,9,8,-1,-1,15,-1,13,-1,3,1,12,-1},
{-1,-1,-1,-1,-1,-1,-1,6,-1,-1,-1,12,13,14,-1,-1}
};

medium 16x16

{
{-1,11,-1,13,-1,6,-1,14,-1,-1,9,7,-1,-1,5,-1},
{-1,-1,-1,14,-1,-1,11,-1,4,-1,6,8,-1,12,-1,-1},
{12,9,-1,-1,-1,-1,13,2,-1,-1,5,15,-1,11,14,-1},
{-1,-1,-1,-1,15,-1,-1,-1,14,-1,-1,-1,8,7,-1,-1},
{11,-1,5,-1,13,-1,-1,-1,-1,-1,-1,-1,-1,-1,-1,3},
{-1,-1,9,-1,-1,1,15,10,5,-1,-1,-1,-1,-1,-1,-1},
{-1,-1,2,10,-1,14,9,-1,3,-1,-1,1,15,-1,-1,-1},
{-1,15,-1,8,-1,2,-1,-1,-1,13,-1,14,11,-1,10,-1},
{9,-1,-1,-1,-1,15,14,-1,-1,-1,12,-1,-1,8,-1,-1},
{-1,7,-1,-1,-1,-1,-1,11,-1,-1,-1,-1,10,5,6,-1},
{-1,-1,14,12,10,-1,-1,13,-1,-1,-1,3,7,-1,11,-1},
{13,10,11,-1,-1,-1,-1,6,-1,-1,-1,-1,-1,0,-1,9},
{-1,-1,-1,-1,5,8,6,-1,-1,-1,11,-1,3,-1,0,-1},
{-1,-1,-1,-1,-1,-1,1,-1,-1,7,0,4,13,14,-1,-1},
{-1,-1,-1,-1,-1,-1,-1,15,-1,8,-1,-1,4,10,12,7},
{14,8,15,-1,-1,-1,-1,-1,12,-1,13,-1,-1,-1,-1,-1}


};

	
Hard 16x16	
	
{
	{-1,-1,-1,-1,-1,-1,11,-1,3,-1,2,-1,-1,14,-1,-1},
	{6,-1,-1,0,-1,-1,5,15,7,11,-1,4,13,-1,10,-1},
	{-1,-1,-1,7,-1,1,-1,-1,-1,6,-1,-1,-1,15,-1,-1},
	{2,4,9,-1,-1,-1,0,-1,-1,12,-1,-1,-1,-1,-1,-1},
	{-1,6,-1,-1,8,-1,-1,-1,-1,2,12,-1,5,-1,-1,14},
	{-1,3,15,9,-1,0,-1,5,6,4,-1,11,-1,8,-1,-1},
	{0,-1,5,-1,-1,-1,-1,-1,-1,-1,13,1,15,2,-1,-1},
	{-1,10,-1,-1,6,-1,-1,-1,-1,-1,-1,8,-1,0,7,12},
	{-1,9,6,8,1,15,-1,-1,12,-1,-1,-1,0,-1,-1,4},
	{-1,-1,-1,-1,3,-1,10,-1,-1,-1,-1,-1,-1,12,13,-1},
	{10,13,-1,-1,-1,5,-1,8,-1,7,1,-1,-1,-1,-1,-1},
	{1,-1,7,-1,0,-1,14,-1,5,-1,-1,-1,2,-1,-1,-1},
	{-1,0,1,15,-1,-1,6,-1,2,-1,4,-1,-1,-1,-1,-1},
	{4,-1,-1,-1,-1,14,13,-1,-1,10,-1,3,-1,-1,12,-1},
	{-1,-1,-1,-1,-1,-1,-1,-1,14,15,-1,13,-1,4,-1,5},
	{5,-1,3,-1,9,10,7,-1,-1,8,-1,-1,1,-1,-1,-1}
};